2020 08 01 第1學期開始
2020 08 10 第1學期新生學雜費減免申請開始
2020 08 20 第1學期新生學雜費減免申請結束
2020 08 20 109學年度弱勢助學計畫助學金申請開始
2020 08 23 祖父母節
2020 08 25 108學年度暑期班上課最後一天
2020 08 26 108學年度暑期班考試週
2020 08 28 學生宿舍進住開始日
2020 08 31 108學年度第2學期完成學位考試之研究生離校截止日
2020 08 31 新生註冊週開始
2020 09 01 游泳教學開始
2020 09 01 108學年度暑期班考試週
2020 09 01 新生(含專班)抵免學分申請開始
2020 09 02 新生(含專班)第一階段選課開始
2020 09 04 新生註冊週結束
2020 09 04 108學年度暑期班教師送繳成績截止日
2020 09 04 第1學期學生申請休、退學學雜費全額退費截止日
2020 09 05 新生(含專班)第一階段選課結束
2020 09 07 第1學期上課開始
2020 09 07 全體在校生（含專班）註冊截止日
2020 09 07 研究生學位 考試申請開始日
2020 09 07 學生加退選(第二階段選課）開始
2020 09 14 新生(含專班)抵免學分申請結束
2020 09 21 學生加退選(第二階段選課）結束
2020 09 21 第1學期研究生學位考試開始日
2020 09 21 國家防災日演習
2020 09 22 社會服務學習執行計畫第一梯次選擇開始
2020 09 26 社會服務學習執行計畫第一梯次選擇結束
2020 09 26 調整上班
2020 10 01 中秋節
2020 10 01 體育館休館
2020 10 02 調整放假
2020 10 09 調整放假
2020 10 10 國慶日
2020 10 15 學生及實習教師繳交「不參加學生團體保險切結書」截止日
2020 10 16 學生申請休、退學退費上課達1/3基準日
2020 10 19 召開第131次校務會議
2020 10 20 109學年度弱勢助學計畫助學金申請結束
2020 10 31 本校校慶暨運動會
2020 11 02 放棄輔系、雙主修申請截止
2020 11 02 期中考試週開始
2020 11 08 期中考試週結束
2020 11 09 第1學期科目棄選
2020 11 09 更改不列入畢業學分屬性申請開始日
2020 11 27 學生申請休、退學退費上課達2/3基準日
2020 11 30 游泳教學結束
2020 12 01 109學年度輔系（所、學位學程）、雙主修申請開始
2020 12 01 第2學期學雜費減免申請開始
2020 12 07 第1學期科目棄選申請截止日
2020 12 08 社會服務學習執行計畫第二梯次選擇開始
2020 12 12 社會服務學習執行計畫第二梯次選擇結束
2020 12 15 109學年度輔系（所、學位學程）、雙主修申請結束
2020 12 15 第1學期研究生學位考試申請截止日
2020 12 21 召開第132次校務會議
2020 12 25 第2學期第一階段選課開始
2020 12 31 第2學期第一階段選課結束
2020 12 31 第2學期學雜費減免申請結束
2020 12 31 學士班學生提前畢業申請截止日
2020 12 31 各系所109學年度第2學期轉所審查結果送教學組截止日
2020 12 31 第1學期上課最後一天
2020 12 31 第1學期休學申請截止日
2020 12 31 更改不列入畢業學分屬性申請截止日
2021 01 01 中華民國開國紀念日
2021 01 02 末考試週開始
2021 01 08 末考試週結束
2021 01 12 學生宿舍退宿截止日
2021 01 15 各系所109學年度第2學期逕讀博士學位學生審查結果送教學組截止日
2021 01 18 第1學期任課教師送繳學期成績截止日
2021 01 25 第1學期研究生學位考試截止日
2021 01 31 第1學期結束
2021 02 01 第2學期開始
2021 02 03 第1學期完成學位考試之研究生離校截止日
2021 02 06 全校停電（特高壓電力設備年度保養）
2021 02 06 體育館休館
2021 02 10 調整放假
2021 02 10 學生宿舍關閉
2021 02 11 農曆除夕
2021 02 11 體育館休館
2021 02 11 學生宿舍關閉
2021 02 12 春節
2021 02 12 體育館休館
2021 02 12 學生宿舍關閉
2021 02 16 春節
2021 02 16 體育館休館
2021 02 16 學生宿舍關閉
2021 02 17 提早入學新生
2021 02 17 新增課程抵免學分申請開始
2021 02 19 學生宿舍進住開始日
2021 02 20 補行上班
2021 02 20 第2學期學生申請休、退學學雜費全額退費截止日
2021 02 22 第2學期上課開始
2021 02 22 提早入學新生註冊，全體在校生（含專班）註冊截止日
2021 02 22 研究生學位考試申請開始日
2021 02 22 第2學期就學貸款申請截止日
2021 02 22 學生加退選（第二階段選課）開始
2021 02 28 和平紀念日
2021 03 01 調整放假
2021 03 02 提早入學新生、新增課程抵免學分申請結束
2021 03 08 學生加退選（第二階段選課）結束
2021 03 08 第2學期研究生學位考試開始日
2021 03 09 社會服務學習執行計畫第一梯次選擇開始
2021 03 13 社會服務學習執行計畫第一梯次選擇結束
2021 03 15 學生繳交「不參加學生團體保險切結書」截止日
2021 03 30 學生申請休、退學退費上課達1/3基準
2021 03 31 補運動會活動未放假（放假一天）
2021 04 01 游泳教學開始
2021 04 01 校際活動（停課，課程由教師自行擇期補課）開始
2021 04 02 兒童節補假
2021 04 04 兒童節
2021 04 04 民族掃墓節
2021 04 04 體育館休館
2021 04 05 民族掃墓節補假
2021 04 06 校際活動（停課，課程由教師自行擇期補課）結束
2021 04 07 放棄輔系、雙主修申請截止日
2021 04 19 期中考試週開始
2021 04 25 期中考試週結束
2021 04 26 第2學期科目棄選、更改不列入畢業學分屬性申請開始日
2021 04 26 召開第133次校務會議
2021 05 01 勞動節
2021 05 01 110學年度第1學期學雜費減免申請開始
2021 05 14 學生申請休、退學退費上課達2/3基準日
2021 05 18 社會服務學習執行計畫第二梯次選擇開始
2021 05 22 社會服務學習執行計畫第二梯次選擇結束
2021 05 24 第2學期科目棄選申請截止日
2021 05 31 110學年度第1學期學雜費減免申請結束
2021 05 31 學士班學生提前畢業申請截止日
2021 06 01 110學年度學士班學生轉系申請
2021 06 01 加修輔系（所、學位學程）
2021 06 01 雙主修申請開始
2021 06 05 畢業典禮
2021 06 11 110學年度第1學期第一階段選課開始
2021 06 14 端午節
2021 06 14 體育館休館
2021 06 15 110學年度學士班學生轉系申請
2021 06 15 加修輔系（所、學位學程）
2021 06 15 雙主修申請結束
2021 06 15 第2學期研究生學位考試申請截止日
2021 06 17 110學年度第1學期第一階段選課結束
2021 06 18 第2學期上課最後一天
2021 06 18 第2學期休學申請截止日
2021 06 18 更改不列入畢業學分屬性申請截止日
2021 06 18 暑期班選課開始
2021 06 19 期末考試週開始
2021 06 21 暑期班選課結束
2021 06 21 召開第134次校務會議
2021 06 25 期末考試週結束
2021 06 30 第2學期任課教師送繳學士班應屆畢業生成績截止日
2021 06 30 各系所110學年度第1學期轉所審查結果送教學組截止日
2021 06 30 游泳教學結束
2021 07 01 109學年度暑期班上課開始日
2021 07 04 學生宿舍退宿截止日
2021 07 05 第2學期任課教師送繳學期成績截止日
2021 07 31 各系所110學年度第1學期逕讀博士學位學生審查結果送教學組截止日
2021 07 31 第2學期研究生學位考試截止日
2021 07 31 第2學期結束